version https://git-lfs.github.com/spec/v1
oid sha256:0a90568c19feb6aee281c2e3421f81c46c8706ee90b87bf64c77a3e90252ccd5
size 76965
