version https://git-lfs.github.com/spec/v1
oid sha256:24a2eb00bd4899a4ebaac75dd28bda29353e3e58a6bcc067bf4434c882a4ac16
size 76970
